911
688
703
678
359
438
878
654
949
442
781
994
619
892
883
942
641
292
235
221
610
256
412
371
354
815
911
610
131
642
783
426
97
958
718
381
892
490
607
615
345
3
217
233
196
983
317
808
146
149
841
980
514
471
783
686
417
233
243
675
475
436
18
531
160
55
527
174
673
697
986
352
490
35
743
790
349
889
207
566
963
613
97
362
503
687
321
373
215
772
77
18
627
745
943
353
615
858
667
811
328
518
169
692
570
487
323
206
625
152
418
539
838
325
423
29
945
166
622
363
812
748
538
578
412
797
449
246
443
62
540
682
286
255
817
563
111
468
607
27
833
277
571
870
459
379
282
767
179
823
586
150
217
827
637
584
519
667
608
193
898
337
48
48
625
531
892
386
935
976
415
421
547
21
627
301
818
106
804
151
643
312
141
429
895
782
948
657
919
699
793
90
95
101
353
377
318
773
282
328
880
877
559
518
887
155
867
192
832
164
704
595
37
292
380
257
944
834
330
828
226
562
666
868
527
625
849
183
813
160
528
882
732
215
300
380
295
906
363
173
796
771
299
430
643
88
217
750
84
598
208
