758
629
87
643
535
324
117
252

353

324

779

616

185

253

141

219

987
365
730
638
536
631
486
348
759
222
664
22
320
348
92
190
335
202
223
46
466
914
196
957
465
685
446
229
184
685
512
246
925
269
280
56
509
727
707
839
199
554
489
11
344
971
109
746
64
205
202
915
521
322
447
69
382
562
228
366
354
488
80
754
496
335
608
475
387
108
123
153
328
917
927
680
264
808
609
107
311
636
288
649
258
185
229
818
469
814
333
967
351
544
248
104
226
960
876
476
651
688
397
340
492
64
178
855
344
469
3
210
